1770541684410 0.798872172832489 0
1770541690594 0.7969924807548523 1
1770541696760 0.8026315569877625 2
1770541703119 0.7951127886772156 3
1770541709616 0.7913534045219421 4
1770541716268 0.7951127886772156 5
1770541722914 0.798872172832489 6
1770541733035 0.7951127886772156 7
1770541739515 0.8007518649101257 8
1770541745994 0.798872172832489 9
1770541752424 0.8007518649101257 10
1770541758955 0.7969924807548523 11
1770541765672 0.7951127886772156 12
1770541772330 0.8045112490653992 13
1770541778922 0.7951127886772156 14
1770541785525 0.8045112490653992 15
1770541792057 0.798872172832489 16
1770541798587 0.7969924807548523 17
1770541805073 0.7959558963775635 18
1770541811341 0.8026315569877625 19
1770541817592 0.798872172832489 20
1770541823740 0.798872172832489 21
1770541829920 0.798872172832489 22
1770541836168 0.8007518649101257 23
1770541842522 0.7932330965995789 24
1770541852829 0.7969924807548523 25
1770541859353 0.8007518649101257 26
1770541865733 0.7932330965995789 27
1770541872178 0.7969924807548523 28
1770541878611 0.8007518649101257 29
1770541908796 0.7932330965995789 0
1770541915650 0.7951127886772156 1
1770541922433 0.7951127886772156 2
1770541929134 0.7969924807548523 3
1770541935843 0.7913534045219421 4
1770541942624 0.7969924807548523 5
1770541949385 0.7969924807548523 6
1770541956138 0.798872172832489 7
1770541963004 0.7951127886772156 8
1770541969998 0.7951127886772156 9
1770541976841 0.8045112490653992 10
1770541983772 0.7969924807548523 11
1770541990342 0.7969924807548523 12
1770541996763 0.8026315569877625 13
1770542003163 0.8007518649101257 14
1770542009604 0.7951127886772156 15
1770542016262 0.7951127886772156 16
1770542022762 0.7969924807548523 17
1770542029232 0.7969924807548523 18
1770542035682 0.798872172832489 19
1770542042116 0.798872172832489 20
1770542048635 0.8063910007476807 21
1770542058797 0.7969924807548523 22
1770542065147 0.798872172832489 23
1770542071498 0.7969924807548523 24
1770542077854 0.7969924807548523 25
1770542084182 0.8045112490653992 26
1770542090686 0.7951127886772156 27
1770542097357 0.8045112490653992 28
1770542104036 0.798872172832489 29
