1770541684409 0.5250850915908813 0
1770541690593 0.5096242427825928 1
1770541696759 0.5004411339759827 2
1770541703118 0.51389479637146 3
1770541709615 0.5222415328025818 4
1770541716267 0.5034711360931396 5
1770541722913 0.5134105682373047 6
1770541733034 0.5218912959098816 7
1770541739514 0.5065423846244812 8
1770541745993 0.5070189237594604 9
1770541752423 0.505704402923584 10
1770541758954 0.504618763923645 11
1770541765671 0.5006951093673706 12
1770541772329 0.49681270122528076 13
1770541778921 0.5117148160934448 14
1770541785524 0.4898410737514496 15
1770541792056 0.5015501379966736 16
1770541798586 0.5026516914367676 17
1770541805072 0.5095200538635254 18
1770541811340 0.4934243857860565 19
1770541817591 0.5059911012649536 20
1770541823740 0.5044576525688171 21
1770541829919 0.5012966990470886 22
1770541836167 0.5011730790138245 23
1770541842521 0.5108919739723206 24
1770541852828 0.5049711465835571 25
1770541859352 0.496561735868454 26
1770541865732 0.5109447836875916 27
1770541872177 0.4989038407802582 28
1770541878610 0.49512866139411926 29
1770541908795 0.5082538723945618 0
1770541915649 0.5000712275505066 1
1770541922432 0.5013267397880554 2
1770541929133 0.5061691403388977 3
1770541935842 0.5041471719741821 4
1770541942623 0.5034769177436829 5
1770541949384 0.4983726441860199 6
1770541956137 0.49517306685447693 7
1770541963003 0.5046774744987488 8
1770541969997 0.4995552599430084 9
1770541976840 0.4886400103569031 10
1770541983771 0.4967140853404999 11
1770541990341 0.4946136474609375 12
1770541996762 0.48975566029548645 13
1770542003162 0.49152547121047974 14
1770542009603 0.4971081018447876 15
1770542016261 0.493673175573349 16
1770542022761 0.4946352243423462 17
1770542029231 0.4903636872768402 18
1770542035681 0.4927629828453064 19
1770542042115 0.49046778678894043 20
1770542048634 0.4807383716106415 21
1770542058796 0.4927822947502136 22
1770542065146 0.48679524660110474 23
1770542071497 0.4897758662700653 24
1770542077853 0.4935970902442932 25
1770542084181 0.47963395714759827 26
1770542090685 0.49128419160842896 27
1770542097356 0.4828970730304718 28
1770542104035 0.48911118507385254 29
