1770645836856 0.3050000071525574 0
1770645843768 0.32749998569488525 1
1770645850589 0.3425000011920929 2
1770645856989 0.30000001192092896 3
1770645863400 0.35499998927116394 4
1770645869874 0.38999998569488525 5
1770645876758 0.36000001430511475 6
1770645887029 0.3824999928474426 7
1770645893704 0.39500001072883606 8
1770645900441 0.39500001072883606 9
1770645907084 0.42250001430511475 10
1770645913660 0.39500001072883606 11
1770645920116 0.4000000059604645 12
1770645926423 0.38749998807907104 13
1770645932875 0.3700000047683716 14
1770645939395 0.33000001311302185 15
