1770645836854 0.7067935466766357 0
1770645843767 0.6935141682624817 1
1770645850588 0.6965041160583496 2
1770645856988 0.7009802460670471 3
1770645863399 0.6940168738365173 4
1770645869873 0.6912114024162292 5
1770645876757 0.6946346163749695 6
1770645887028 0.6932176947593689 7
1770645893703 0.6928313374519348 8
1770645900440 0.6930346488952637 9
1770645907083 0.6985204815864563 10
1770645913659 0.6926631331443787 11
1770645920115 0.697834849357605 12
1770645926422 0.6916744112968445 13
1770645932874 0.687105119228363 14
1770645939393 0.6929454207420349 15
