1770571639797 0.8007518649101257 0
1770571648604 0.8026315569877625 1
1770571656983 0.7969924807548523 2
1770571665153 0.7913534045219421 3
1770571673432 0.7969924807548523 4
1770571681643 0.7951127886772156 5
1770571689733 0.7969924807548523 6
1770571697880 0.7951127886772156 7
1770571706001 0.8007518649101257 8
1770571714051 0.7977941036224365 9
1770571722641 0.7951127886772156 10
1770571731028 0.7969924807548523 11
1770571741469 0.7969924807548523 12
1770571749770 0.7969924807548523 13
1770571757929 0.798872172832489 14
1770571766080 0.7969924807548523 15
1770571774251 0.7951127886772156 16
1770571784756 0.7969924807548523 17
1770571792923 0.7951127886772156 18
1770571801338 0.8026315569877625 19
1770571809560 0.7932330965995789 20
1770571818037 0.7969924807548523 21
1770571827920 0.8026315569877625 22
1770571836103 0.7969924807548523 23
1770571844363 0.7969924807548523 24
1770571852531 0.8026315569877625 25
1770571860681 0.798872172832489 26
1770571871434 0.7951127886772156 27
1770571880254 0.7951127886772156 28
1770571888772 0.7969924807548523 29
