1770571639795 0.5068448781967163 0
1770571648603 0.4997301697731018 1
1770571656982 0.5082176327705383 2
1770571665151 0.5099781155586243 3
1770571673431 0.5037615895271301 4
1770571681642 0.5062261819839478 5
1770571689732 0.5076870918273926 6
1770571697879 0.5030791759490967 7
1770571706000 0.4963147044181824 8
1770571714050 0.5011992454528809 9
1770571722640 0.5021694898605347 10
1770571731027 0.5020451545715332 11
1770571741468 0.501481831073761 12
1770571749769 0.5058411359786987 13
1770571757928 0.5007058382034302 14
1770571766078 0.5037916898727417 15
1770571774249 0.5057929754257202 16
1770571784755 0.4998392164707184 17
1770571792922 0.5010714530944824 18
1770571801337 0.4932204484939575 19
1770571809559 0.507225513458252 20
1770571818036 0.5031992793083191 21
1770571827918 0.4917229115962982 22
1770571836102 0.49811673164367676 23
1770571844362 0.4966946840286255 24
1770571852530 0.49435102939605713 25
1770571860680 0.5021158456802368 26
1770571871433 0.49437445402145386 27
1770571880253 0.4990450143814087 28
1770571888771 0.49928444623947144 29
